testOriginalData:
[20001878 20001879 20001881 20001889 20001880 20001887 20001888 20001885 20001883 20001882 20001884 20001886 20001890 20001892 20001893 20000166 20001894 20001895 20001896 20001897 20001898 20001899 20001900 20001903 20001902 20001901 20001904 20001905 20001906 20001907 20001909 20000115 20001911 20001910 20001912 20001913 20001914 20001917 20001918 20000368 20001916 20001920 20001921 20001922 20001923 20000223 20001924 20001925 20001926]

testFilterStudentsHigherThanAverageGrade:
[20001878 20001889 20001880 20001887 20001885]


testFilterStudentsHighestAverageGrade:
[20000166 20001882 20001887 20001907 20001886]

testFilterStudentsHighestMathsGrade:
[20000223 20001880 20001892 20000166 20001897]

testFilterStudentsLowerThanAverageGrade
[20001922]


testFilterStudentsLowestAverageGrade:
[20001922 20001899 20001909 20000368 20001913]

testFilterStudentsLowestMathsGrade:
[20001912 20001911 20000115 20001913 20001881]

testSortAverageGradeDecreasing:
[20000166 20001882 20001887 20001907 20001886 20001923 20001889 20001900 20001892 20001895 20001903 20001880 20001898 20001893 20001905 20001878 20001884 20001894 20001897 20001918 20001885 20001906 20001916 20001883 20001896 20001904 20001879 20001901 20000115 20001911 20001920 20001926 20001902 20001881 20001888 20000223 20001890 20001910 20001925 20001912 20001914 20001917 20001921 20001913 20001924 20001899 20001909 20000368 20001922]

testSortAverageGradeIncreasing:
[20001922 20001899 20001909 20000368 20001913 20001924 20001912 20001914 20001917 20001921 20001910 20001925 20001890 20001881 20001888 20000223 20001902 20001879 20001901 20000115 20001911 20001920 20001926 20001896 20001904 20001883 20001885 20001906 20001916 20001878 20001884 20001894 20001897 20001918 20001893 20001905 20001880 20001898 20001892 20001895 20001903 20001889 20001900 20001886 20001923 20001907 20001887 20001882 20000166]

testSortYearOfBirthDecreasing
[20001893 20001885 20001886 20001892 20001903 20001918 20000223 20001880 20001896 20001897 20001913 20001906 20001923 20001879 20001887 20001894 20001909 20001881 20001883 20001890 20000166 20001898 20001902 20001907 20001910 20000368 20001916 20001924 20001878 20001889 20001882 20001895 20001899 20001901 20000115 20001911 20001914 20001917 20001921 20001922 20001926 20001888 20001884 20001900 20001904 20001912 20001920 20001905 20001925]

testSortYearOfBirthIncreasing:
[20001925 20001905 20001888 20001884 20001900 20001904 20001912 20001920 20001878 20001889 20001882 20001895 20001899 20001901 20000115 20001911 20001914 20001917 20001921 20001922 20001926 20001881 20001883 20001890 20000166 20001898 20001902 20001907 20001910 20000368 20001916 20001924 20001879 20001887 20001894 20001909 20001906 20001923 20001880 20001896 20001897 20001913 20001885 20001886 20001892 20001903 20001918 20000223 20001893]
