TEST MY STACK:
The random number is: 18
18
[8, 6, 5, 8, 10, 9, 5, 9, 5, 10, 7, 6, 7, 7, 5, 8, 10, 7] size: 18
[8, 6, 5, 8, 10, 9, 5, 9, 5, 10, 7, 6, 7, 7, 5, 8, 10] size: 17
[8, 6, 5, 8, 10, 9, 5, 9, 5, 10, 7, 6, 7, 7, 5, 8] size: 16
[8, 6, 5, 8, 10, 9, 5, 9, 5, 10, 7, 6, 7, 7, 5] size: 15
[8, 6, 5, 8, 10, 9, 5, 9, 5, 10, 7, 6, 7, 7] size: 14
[8, 6, 5, 8, 10, 9, 5, 9, 5, 10, 7, 6, 7] size: 13
[8, 6, 5, 8, 10, 9, 5, 9, 5, 10, 7, 6] size: 12
[8, 6, 5, 8, 10, 9, 5, 9, 5, 10, 7] size: 11
[8, 6, 5, 8, 10, 9, 5, 9, 5, 10] size: 10
[8, 6, 5, 8, 10, 9, 5, 9, 5] size: 9
[8, 6, 5, 8, 10, 9, 5, 9] size: 8
[8, 6, 5, 8, 10, 9, 5] size: 7
[8, 6, 5, 8, 10, 9] size: 6
[8, 6, 5, 8, 10] size: 5
[8, 6, 5, 8] size: 4
[8, 6, 5] size: 3
[8, 6] size: 2
[8] size: 1
[] size: 0


TEST MY QUEUE:
The random number is: 24
24
[5, 5, 8, 9, 10, 6, 5, 10, 7, 6, 10, 10, 8, 6, 9, 9, 8, 6, 6, 6, 6, 5, 9, 9] size: 24
[5, 8, 9, 10, 6, 5, 10, 7, 6, 10, 10, 8, 6, 9, 9, 8, 6, 6, 6, 6, 5, 9, 9] size: 23
[8, 9, 10, 6, 5, 10, 7, 6, 10, 10, 8, 6, 9, 9, 8, 6, 6, 6, 6, 5, 9, 9] size: 22
[9, 10, 6, 5, 10, 7, 6, 10, 10, 8, 6, 9, 9, 8, 6, 6, 6, 6, 5, 9, 9] size: 21
[10, 6, 5, 10, 7, 6, 10, 10, 8, 6, 9, 9, 8, 6, 6, 6, 6, 5, 9, 9] size: 20
[6, 5, 10, 7, 6, 10, 10, 8, 6, 9, 9, 8, 6, 6, 6, 6, 5, 9, 9] size: 19
[5, 10, 7, 6, 10, 10, 8, 6, 9, 9, 8, 6, 6, 6, 6, 5, 9, 9] size: 18
[10, 7, 6, 10, 10, 8, 6, 9, 9, 8, 6, 6, 6, 6, 5, 9, 9] size: 17
[7, 6, 10, 10, 8, 6, 9, 9, 8, 6, 6, 6, 6, 5, 9, 9] size: 16
[6, 10, 10, 8, 6, 9, 9, 8, 6, 6, 6, 6, 5, 9, 9] size: 15
[10, 10, 8, 6, 9, 9, 8, 6, 6, 6, 6, 5, 9, 9] size: 14
[10, 8, 6, 9, 9, 8, 6, 6, 6, 6, 5, 9, 9] size: 13
[8, 6, 9, 9, 8, 6, 6, 6, 6, 5, 9, 9] size: 12
[6, 9, 9, 8, 6, 6, 6, 6, 5, 9, 9] size: 11
[9, 9, 8, 6, 6, 6, 6, 5, 9, 9] size: 10
[9, 8, 6, 6, 6, 6, 5, 9, 9] size: 9
[8, 6, 6, 6, 6, 5, 9, 9] size: 8
[6, 6, 6, 6, 5, 9, 9] size: 7
[6, 6, 6, 5, 9, 9] size: 6
[6, 6, 5, 9, 9] size: 5
[6, 5, 9, 9] size: 4
[5, 9, 9] size: 3
[9, 9] size: 2
[9] size: 1
[] size: 0