testOriginalData:
[20001878 20001879 20001881 20001889 20001880 20001887 20001888 20001885 20001883 20001882 20001884 20001886 20001890 20001892 20001893 20000166 20001894 20001895 20001896 20001897 20001898 20001899 20001900 20001903 20001902 20001901 20001904 20001905 20001906 20001907 20001909 20000115 20001911 20001910 20001912 20001913 20001914 20001917 20001918 20000368 20001916 20001920 20001921 20001922 20001923 20000223 20001924 20001925 20001926]

testSortMathsGradeIncreasing:
[20001878 20001878 20001878 20001889 20001880 20001880 20001880 20001880 20001880 20001880 20001880 20001880 20001880 20001892 20001880 20000166 20001880 20001880 20001880 20001897 20001880 20001880 20001880 20001880 20001880 20001880 20001880 20001880 20001880 20001880 20001880 20001880 20001880 20001880 20001880 20001880 20001880 20001880 20001880 20001880 20001880 20001880 20001880 20001880 20001923 20000223 20000223 20000223 20000223]


testSortMathsGradeDecreasing:
[20001878 20001879 20001881 20001881 20001881 20001881 20001881 20001881 20001881 20001881 20001881 20001881 20001890 20001881 20001881 20001881 20001881 20001881 20001881 20001881 20001881 20001881 20001881 20001881 20001881 20001881 20001881 20001881 20001881 20001881 20001909 20000115 20001911 20001911 20001912 20001912 20001912 20001912 20001912 20001912 20001912 20001912 20001912 20001912 20001912 20001912 20001912 20001912 20001912]


testSortAverageGradeIncreasing:
[20001878 20001878 20001878 20001889 20001889 20001887 20001887 20001887 20001887 20001882 20001882 20001882 20001882 20001882 20001882 20000166 20000166 20000166 20000166 20000166 20000166 20000166 20000166 20000166 20000166 20000166 20000166 20000166 20000166 20000166 20000166 20000166 20000166 20000166 20000166 20000166 20000166 20000166 20000166 20000166 20000166 20000166 20000166 20000166 20000166 20000166 20000166 20000166 20000166]


testSortAverageGradeDecreasing:
[20001878 20001879 20001881 20001881 20001881 20001881 20001888 20001881 20001881 20001881 20001881 20001881 20001890 20001890 20001890 20001890 20001890 20001890 20001890 20001890 20001890 20001899 20001899 20001899 20001899 20001899 20001899 20001899 20001899 20001899 20001909 20001899 20001899 20001899 20001899 20001899 20001899 20001899 20001899 20000368 20001899 20001899 20001899 20001922 20001922 20001922 20001922 20001922 20001922]


testFilterStudentsHighestMathsGrade:
[20001878 20001879 20001881 20001881 20001881 20001881 20001881]


testFilterStudentsLowestMathsGrade:
[20001878 20001878 20001878 20001889 20001880]


testFilterStudentsHighestAverageGrade:
[20001878 20001879 20001881 20001881 20001881]


testFilterStudentsLowestAverageGrade:
[20001878 20001878 20001878 20001889 20001889]