The length of array: 28

The original array:
[10.0, 9.0, 1.0, 2.0, 2.0, 2.0, 1.0, 10.0, 3.0, 5.0, 10.0, 8.0, 5.0, 7.0, 3.0, 3.0, 10.0, 0.0, 6.0, 0.0, 1.0, 10.0, 0.0, 1.0, 4.0, 4.0, 9.0, 4.0]

Using Bubble Sort Algorithm:
Before sorting:
[10.0, 9.0, 1.0, 2.0, 2.0, 2.0, 1.0, 10.0, 3.0, 5.0, 10.0, 8.0, 5.0, 7.0, 3.0, 3.0, 10.0, 0.0, 6.0, 0.0, 1.0, 10.0, 0.0, 1.0, 4.0, 4.0, 9.0, 4.0]
After sorting:
[0.0, 0.0, 0.0, 1.0, 1.0, 1.0, 1.0, 2.0, 2.0, 2.0, 3.0, 3.0, 3.0, 4.0, 4.0, 4.0, 5.0, 5.0, 6.0, 7.0, 8.0, 9.0, 9.0, 10.0, 10.0, 10.0, 10.0, 10.0]
Binary search found 1.0 at index: 6

Using Selection Sort Algorithm:
Before sorting:
[10.0, 9.0, 1.0, 2.0, 2.0, 2.0, 1.0, 10.0, 3.0, 5.0, 10.0, 8.0, 5.0, 7.0, 3.0, 3.0, 10.0, 0.0, 6.0, 0.0, 1.0, 10.0, 0.0, 1.0, 4.0, 4.0, 9.0, 4.0]
After sorting:
[0.0, 0.0, 0.0, 1.0, 1.0, 1.0, 1.0, 2.0, 2.0, 2.0, 3.0, 3.0, 3.0, 4.0, 4.0, 4.0, 5.0, 5.0, 6.0, 7.0, 8.0, 9.0, 9.0, 10.0, 10.0, 10.0, 10.0, 10.0]
Binary search found 11.0 at index: -1

Using Insertion Sort Algorithm:
Before sorting:
[10.0, 9.0, 1.0, 2.0, 2.0, 2.0, 1.0, 10.0, 3.0, 5.0, 10.0, 8.0, 5.0, 7.0, 3.0, 3.0, 10.0, 0.0, 6.0, 0.0, 1.0, 10.0, 0.0, 1.0, 4.0, 4.0, 9.0, 4.0]
After sorting:
[0.0, 0.0, 0.0, 1.0, 1.0, 1.0, 1.0, 2.0, 2.0, 2.0, 3.0, 3.0, 3.0, 4.0, 4.0, 4.0, 5.0, 5.0, 6.0, 7.0, 8.0, 9.0, 9.0, 10.0, 10.0, 10.0, 10.0, 10.0]
Binary search found 5.0 at index: 16